106
589
2413
2464
3021
3543
1073
926
501
4066
333
4684
4842
4866
1755
2515
4315
4966
2099
3599
4121
838
2659
2451
2846
168
1670
4395
23
84
1001
2138
2801
3321
3024
655
4153
468
2940
79
2131
1338
1406
1090
2323
3601
1057
2280
4771
2819
3107
1375
3968
4062
4445
179
3698
3238
3580
1860
8
2894
2104
1590
3008
3496
279
4624
3684
3661
1886
681
3794
2018
2805
4381
3891
2767
3295
3425
3979
911
3653
2370
4838
33
3789
1020
1620
3135
2339
3774
4520
2754
4092
1321
1831
2178
1782
2275
3525
1589
1485
1739
2584
4917
1833
1231
1934
553
2962
3064
657
4264
3225
2876
287
1869
1618
3535
4831
3911
3044
2417
4152
3941
414
3825
4253
3006
2187
1272
1187
3729
26
4463
3523
2031
4120
3235
3800
4310
1323
4625
3116
69
2753
1632
387
2882
3197
1351
4212
4995
2809
2372
599
1434
4996
538
721
2053
3912
80
2561
1617
221
4686
3668
812
1258
2559
3574
4811
561
3347
3970
210
1433
367
3550
3779
135
4480
1437
47
2004
2519
61
1108
2170
3142
1149
4810
4534
4172
4005
3256
4525
4920
4800
3240
2111
1174
3811
1867
3866
3778
2416
4024
3250
3901
1095
4545
1425
4519
807
4743
4581
4741
1025
2110
1192
2796
4291
1456
3226
4405
1505
371
598
810
1094
4324
3103
2749
4192
4190
3705
2531
1135
1047
3651
3184
3857
443
3604
765
1945
3247
3002
1432
4200
3095
2922
644
120
4691
134
1954
2463
2276
2669
4861
3559
1507
2860
4769
776
3822
828
274
2664
549
3641
605
4607
3922
298
2536
1558
4046
1010
1870
2229
1832
376
3853
3819
2240
4012
2957
3927
1038
3259
1344
2505
1721
4893
1909
3098
4588
283
1513
1168
3460
3165
4870
4942
927
1209
351
4981
308
366
1746
2521
218
438
3288
3688
802
4785
2077
4346
1718
2498
4932
3286
2650
4453
3192
3375
759
3379
2526
4858
907
214
4458
2118
3858
2462
4478
4667
4990
887
68
4210
1815
139
4023
1606
1539
594
1499
3518
1557
3624
150
1420
2925
3227
1988
831
3148
4939
4231
2313
4227
3671
2970
1743
3948
2024
99
3407
4245
4619
4696
4444
1779
3398
166
1479
2264
1220
1666
2960
152
2534
4688
4822
937
1129
4901
2168
495
305
3793
2201
1061
843
3872
211
3997
4354
680
180
4279
2495
2316
4273
3683
3631
4075
111
220
3381
551
3129
402
3959
4763
2900
4462
4414
3065
1769
314
4909
113
960
4999
4528
4962
4094
3786
73
1752
4693
4575
3809
2244
3130
3734
618
869
1042
356
3252
1438
4940
4593
3639
3365
332
1849
3265
1665
445
2245
1551
14
3628
247
360
2303
2478
4214
1740
2447
506
2677
1222
1877
4672
433
3154
3162
2945
1448
4518
2978
1068
4454
4239
4868
2191
1595
2915
3898
1919
755
518
3803
2937
3459
3755
2591
2266
540
2304
2101
3652
1835
3475
1533
4207
325
1051
4721
3864
2603
1374
1189
328
897
4791
4529
4234
1593
1023
809
2021
174
1554
4215
217
690
2436
3711
2063
4435
1180
3128
1732
293
4197
4557
2022
3690
2555
259
1777
52
4683
2344
1097
543
30
725
4718
1426
2497
4222
4512
4597
1238
903
3620
3221
2704
1912
4437
1526
4855
1407
2615
2318
4541
3768
1315
2269
2465
1350
3296
1393
3071
695
2952
1726
682
2002
1888
2337
3499
2083
2290
4113
1488
498
2921
4377
4286
2034
1022
4886
4219
3176
4265
3121
2005
1736
3362
2366
1114
2592
2788
3076
2815
4958
3204
1237
272
2226
908
1627
358
941
761
1705
2086
3615
1402
108
58
76
796
785
3605
1902
121
1844
2369
124
2572
3469
3467
2103
2227
925
2145
3885
3035
4179
3013
3516
1467
3167
2267
6
1313
2640
1474
4616
1211
1657
1130
2331
1302
222
573
3544
1334
2457
418
4914
386
3308
4335
3515
1839
712
209
4944
449
4091
3852
1995
2617
2379
4311
3972
3558
3765
2851
1176
3740
102
1263
4278
1643
4505
2025
2218
396
1064
3080
1812
2552
4287
2874
4347
1780
2726
864
554
48
3933
4409
3311
2389
4824
2432
729
4759
2471
4746
3491
4157
1515
75
1429
3712
4952
178
2899
4466
2522
3949
2373
2627
25
658
3868
1611
437
1454
3209
4576
1928
4830
4500
1892
1299
4599
4937
2714
4657
3372
1278
4640
2678
4103
1896
3014
4438
67
2042
2580
820
4269
3349
397
82
4507
3781
1565
839
500
141
1787
2019
4832
1683
2342
155
4641
1089
4240
288
930
2535
4028
4621
3291
3859
4708
2867
2942
3845
1395
929
2692
246
923
2985
4817
4549
4515
4205
1898
258
1233
3905
3279
773
1991
1277
3105
446
4421
4098
1727
610
3000
1903
1517
176
2543
572
2459
2208
4720
4323
3413
3946
1336
2319
1171
1422
874
3339
4568
581
204
905
1974
162
4675
617
1431
547
4546
4243
4065
4262
4611
3075
921
546
2028
3509
4967
2184
4266
2725
1070
1283
3050
1836
4242
4133
1326
4467
2476
2583
1373
3618
1140
1099
1132
4064
2715
59
1938
2576
1078
3249
940
3539
226
1404
1124
2858
313
4163
2813
3207
1923
2183
1134
2066
1653
4036
1067
234
4420
2250
4031
4963
4019
3426
4306
3196
3169
3434
3689
2230
522
4539
2207
3477
3552
651
369
3034
2216
3151
962
2415
4236
2185
2037
1284
2699
435
1674
365
4267
2090
844
855
3378
3428
424
104
1948
1459
2706
3659
3681
1791
702
4943
4796
3262
4680
1446
2293
2452
2622
4078
509
3313
4563
2202
2566
767
3738
421
4162
1403
2148
1638
1795
882
2742
982
456
4119
1950
2429
2392
1953
2748
3336
4766
3370
389
2494
3856
845
2902
2529
1676
1048
1960
2530
4317
4709
3199
3939
3649
3613
3396
41
3273
3244
243
2780
3187
261
4694
480
2825
3046
3990
1766
4473
4677
3077
3094
3881
4623
2562
656
632
4015
3307
3919
1465
115
1821
1494
4945
2196
2564
3655
707
4913
1922
743
1005
1190
1241
4130
2684
4989
440
3058
3741
630
672
3038
3621
3801
4289
858
1072
3717
2631
3824
4678
2206
3767
349
2137
2691
4560
3967
1443
1692
3956
1916
1357
786
469
788
50
4889
4813
4419
4596
890
2411
2390
3940
3747
3520
1026
961
3134
2009
2149
1496
4182
1354
4497
3377
18
1637
4825
1092
1677
1987
3648
4482
4544
3807
4523
3091
3961
1142
2358
1518
516
2716
1364
3623
891
4238
307
1661
2431
4303
2474
2542
1208
4292
2289
489
1229
4026
2532
4578
281
3565
968
3166
3346
1847
1579
2352
2212
2020
4972
4455
4436
1280
269
2334
2966
300
459
1447
4228
3764
2113
837
2008
4304
4147
3052
2884
2340
374
3260
2799
2147
3817
4540
4604
636
185
3179
2979
1441
4874
2467
1712
955
2579
3380
3685
1977
158
1748
2909
3534
902
352
1230
2140
754
2971
4979
2920
4052
306
1927
684
1266
970
514
4342
2430
3657
4044
1713
3399
552
1439
2270
2821
4781
1925
634
427
4374
105
3458
89
2918
3174
2163
935
3960
4204
1576
213
1415
3759
165
4926
394
1367
4987
4897
3532
1763
1259
526
377
1559
2434
1709
590
4778
1809
4114
4757
1980
1410
4294
868
20
4572
1562
1098
4161
2844
515
1453
4700
2506
2994
4745
906
1030
2428
947
715
4055
686
3341
2353
3551
473
885
2448
3844
4337
2963
277
988
2084
1245
571
2903
447
3703
2064
1548
294
1547
3329
2410
2582
4562
556
2469
4710
3416
2828
1704
2139
3239
4894
4468
1889
4622
2271
972
795
3020
1199
1274
37
983
4069
1418
3332
1560
3883
3632
4004
4025
1933
4220
3951
780
159
2109
2466
1776
1913
1043
4713
3706
2800
4733
1389
1607
4661
1868
1085
10
1325
806
2234
4851
145
4393
2050
3879
1771
271
747
2032
1297
738
3780
2769
363
2983
1194
2852
1121
3699
3223
1182
614
1466
401
3042
934
2641
826
136
3590
628
334
4904
3832
400
1561
4799
3642
1112
2513
1223
3023
1508
4096
3663
1341
3640
3004
4840
2322
101
1458
107
4063
4122
1240
2760
2120
1524
153
4125
1762
750
4270
3383
757
2670
4451
2791
4003
2723
3583
1319
4140
4009
3363
2866
1386
1599
3629
701
4356
2040
2315
167
1622
3045
4390
1379
2089
2657
3180
441
2051
3306
1781
2599
520
2573
3186
2761
592
1303
4695
3947
4924
1279
4899
1555
4533
4690
3594
4400
2862
4614
914
3156
4232
329
2054
2001
2516
181
164
1523
451
4775
1111
4085
1287
4177
4645
4168
3310
1790
2007
832
1201
4391
3547
4922
1901
1481
3714
54
1701
2161
2549
1394
2637
285
4938
4383
4366
2262
989
1086
966
1492
2203
2713
284
2224
1990
938
4567
4564
4370
536
2291
3874
936
2360
3507
201
1332
1854
4469
1205
3367
3876
984
362
4160
4106
4946
94
2371
3228
2853
2912
1865
2243
2336
1120
2204
922
4818
2151
1997
1248
1318
1863
2343
2449
2136
872
3850
4787
3391
1908
1604
3490
1994
4355
1342
320
2219
1673
3744
4394
2928
645
4170
467
5
1063
242
1160
2870
3421
1605
3448
2362
1975
3514
4007
4516
3283
4345
4464
2797
364
2125
302
1276
2055
4143
4202
2296
3900
4188
1887
280
1719
2947
3823
4300
2593
4164
3031
3579
3472
2180
4367
4261
4344
2482
1329
1252
3278
235
1077
2724
404
384
1633
4586
3925
4600
797
924
3775
2779
539
4571
1145
667
3019
357
2831
1353
3330
3637
1396
3376
4807
4298
3284
2933
4869
2105
823
1531
4285
1996
3072
4268
3522
4134
3602
713
1810
1827
1155
1680
4536
1856
1388
3236
2681
1191
3324
953
1062
3222
3140
717
2502
4360
4492
595
3952
3440
4132
2143
4079
1122
2786
2504
675
728
825
3069
4950
2082
753
3969
3913
1568
3746
335
1015
1631
4882
1635
2141
3118
4725
3356
1679
2849
512
116
4806
4853
4738
876
4
3051
3124
3261
3769
3736
971
2701
4495
3847
524
1841
537
2537
154
3009
2901
2733
1895
569
2065
3394
4986
980
1139
301
4642
815
959
3354
2485
3436
1693
954
2735
4735
1527
1300
4891
4067
3777
2961
2200
98
2557
253
1648
4682
4723
1154
2056
3108
3643
4927
623
1802
4736
1734
3219
146
3397
4282
1930
2931
4389
202
3510
1707
3474
4097
2160
3581
1291
3743
4779
1306
1529
1663
4953
3627
2693
3060
1597
2625
1722
2790
863
1484
206
4488
870
4493
502
2690
804
3645
4598
4875
2278
3561
1495
2027
2568
64
2062
4887
1076
1275
4911
4297
1500
2613
1021
3073
3943
1955
2824
2041
241
2363
3556
3005
2734
189
975
2558
474
4117
2433
769
130
3171
3092
