1501
2586
2586
2586
2653
2653
2653
1055
705
705
705
2468
2468
2468
2468
2468
2468
2468
2468
2468
2468
2468
2468
2468
1600
228
915
915
794
3351
3351
3351
3351
3351
3351
3351
3351
1744
1744
1744
1744
1744
1744
1744
1084
3049
1117
642
642
4767
4767
4767
4767
4767
486
486
486
1962
393
393
393
393
393
393
393
393
393
393
393
393
393
393
3585
3585
3585
3585
3585
3585
3585
3585
29
29
29
65
3773
3773
3773
3773
3773
3773
3773
3773
3773
3773
3773
3773
3773
3773
3773
3773
3773
3773
3773
3773
3773
3773
3773
3773
3773
3773
3773
3773
3773
3773
3773
3773
3773
4635
4635
4635
4635
4635
4635
3161
3161
3161
3161
3161
3161
3161
3161
3161
3161
3161
3161
3161
3161
3161
4615
4615
4615
4615
4615
4615
4615
4628
4628
1144
1144
3078
1103
1103
1103
2377
2377
2377
2377
2377
2377
2377
4257
4257
4257
3862
2215
2215
2215
3682
3682
3682
3682
3682
3682
4724
1907
1907
1907
1907
1907
1907
227
711
711
711
711
711
711
2527
2527
2527
3752
3181
3181
3181
4183
1615
1413
1413
4797
3849
3849
3849
1295
1295
1295
1295
1295
1295
1295
1295
1295
1295
1295
497
497
497
497
497
497
497
497
497
497
497
497
497
497
4740
4740
3456
3456
3456
373
373
373
373
373
373
373
373
373
373
373
373
373
1553
1669
1669
4439
4439
4439
4439
4439
4439
4439
4439
4439
4439
4439
4439
4439
465
465
465
465
465
465
465
465
465
465
465
465
465
465
465
465
465
465
465
465
465
465
465
465
465
465
465
465
465
465
465
465
465
465
465
465
465
465
248
248
248
248
248
248
248
248
248
248
248
248
248
248
248
248
248
248
248
248
248
248
248
248
248
248
248
248
248
248
248
248
248
248
248
248
248
248
248
248
248
248
931
1335
1335
1335
1335
1335
1335
1335
1335
1335
1335
1335
4524
4209
4209
742
742
742
742
742
742
2123
2094
240
240
240
240
240
240
240
240
240
240
240
2351
1370
1370
4816
4816
4749
4749
4749
4749
4749
4749
2220
4256
4256
4256
4256
4256
4256
4256
4256
4256
4256
4256
4256
1973
1973
1973
3557
3821
3821
3821
4878
4878
4878
4878
4878
4878
4878
4878
3899
4487
4487
4487
4487
4487
4487
4487
4487
4487
4487
4487
4487
4487
2974
2974
2974
2974
2974
2974
2575
2575
2575
2575
2575
2575
2575
2575
2575
2575
2575
2575
2575
2575
2575
2575
2575
2575
2575
2575
2575
2575
2575
2575
2575
2575
1419
3907
4673
4673
4673
4673
4673
4673
4673
4673
4673
4673
4673
4673
4673
4673
4673
4673
4673
4673
4673
4673
4673
4673
4902
2847
3664
144
144
144
144
144
144
144
3143
1128
1128
1128
1128
1128
1128
1128
1128
151
151
151
151
151
151
151
151
151
151
151
151
3591
1052
2029
2029
2029
2029
2029
2029
2029
2029
2029
2029
2029
2029
2029
2029
2029
2029
2029
2029
2029
2029
2029
2029
2029
2029
2029
2029
2029
2029
2029
2029
2029
3418
1807
1807
1807
1807
1807
1807
1807
1807
1807
1807
1807
1807
2696
2696
2696
2696
2696
2696
2696
2696
2696
3039
472
3289
3289
4074
4074
4074
1741
1741
1741
2886
2886
2886
1941
1941
1941
1941
1941
1941
1941
1941
1941
1941
1941
100
100
100
100
100
100
100
100
100
100
100
2804
2804
3570
3570
3570
3570
3570
3570
3570
3570
3570
3570
3570
3570
3570
530
530
530
3944
3944
3944
3944
3944
3944
3944
3944
4666
1096
1096
1096
3829
3829
3829
3829
3829
764
764
764
4328
4328
2194
2194
2194
2357
3145
999
999
2483
2483
2483
2483
2483
2483
2483
2483
2483
4076
4076
4076
4076
4076
4076
4076
4076
4076
4076
4076
4076
4076
1647
733
3274
2689
2689
2689
2689
2689
2689
2689
2689
2689
2689
2689
2689
2689
2689
2689
2689
2689
2689
2689
2707
2707
297
297
297
297
297
297
297
1255
1255
1255
230
230
230
230
230
230
230
3276
3276
3276
3276
3276
3276
3276
3276
3230
3230
3230
3230
3230
3230
3230
3230
3230
691
4863
4863
4863
969
969
969
633
633
633
633
633
633
633
633
633
633
4077
4077
4077
4077
4077
4077
4077
4077
4077
4077
4077
4077
4077
4077
1417
4715
4715
4715
4715
4715
4715
4715
4715
4701
4701
4701
4701
4701
4118
1652
1483
877
2016
2016
2016
2016
2016
2016
2016
2016
2016
2016
2016
2016
2016
2016
2016
2016
2016
2016
2016
2016
2016
426
426
626
626
626
626
2223
2223
2223
2217
2217
2217
2217
2217
4483
2480
2480
2480
2480
2480
2480
2480
2480
149
676
1261
12
12
12
3248
3248
3248
2727
2727
2727
3686
1424
731
731
731
1634
1634
1634
1634
1634
1210
1210
1210
1210
1210
1210
1210
1210
1210
1210
1210
1210
1210
1210
1210
1210
1210
1210
1210
1210
1210
1210
3268
3268
491
491
491
491
491
491
491
491
2329
2195
2374
2225
1170
132
132
132
132
132
132
132
132
132
132
132
132
132
471
471
471
471
471
471
471
471
471
471
471
471
471
471
471
471
471
1405
2826
3114
3114
3114
3625
3625
3625
3625
3625
3625
3625
3625
3625
3625
3625
2312
2312
2312
2312
2312
2312
4923
4923
994
1803
1803
1803
1803
1803
1803
4802
4255
4255
4255
4255
4148
4148
4148
4148
1183
1183
1183
1183
1183
485
893
805
805
805
555
555
1197
4058
4058
4058
1293
1293
1293
1293
1293
1293
1293
1293
1293
1293
1293
1293
1293
2221
2221
3504
3504
3504
3504
3654
3654
4758
2093
2093
2093
2093
2093
2093
2093
2093
2093
2093
2093
2093
3036
3036
3036
290
4827
4827
4827
4827
4827
4827
4827
4827
4827
4827
252
252
252
252
252
252
252
252
252
252
252
252
3245
3245
3245
3245
3245
3245
3245
3245
3245
3245
3245
3245
3245
350
350
350
350
1961
422
422
422
422
422
90
2236
670
670
670
3040
429
683
3945
3945
3945
3945
3945
3945
3945
3945
3945
3945
3945
3945
3945
3945
3945
3945
3945
1541
1541
1541
1541
1541
1541
1541
1541
1541
2232
2232
2232
2232
2232
2232
254
254
1029
1029
1029
1029
1029
4392
2292
2292
2292
2292
2292
2292
2292
2292
1242
1242
1242
1242
1242
1242
3860
1074
1074
787
811
1175
1175
1175
1175
1175
410
410
410
109
3429
3429
3429
3429
3429
3429
3429
3429
3429
3429
3429
3429
3429
3429
3429
3429
3429
3429
3429
3429
3429
3429
2594
2836
2836
2836
2836
2836
2836
2836
2836
2836
2836
2836
2836
2836
2836
2836
2836
2836
2836
2836
2836
2836
2836
2836
2836
2836
2836
2836
2836
2836
2836
2836
2836
2146
2146
2146
2146
2146
2146
2146
4975
4975
4975
4975
4975
4975
4975
4410
4410
4410
4410
4410
4410
4410
1872
1872
1872
1872
1872
1872
1872
1872
1872
1872
1872
1872
1872
1872
1872
2845
2845
2845
2845
2845
2845
2845
2845
2845
2845
2907
2907
2907
2907
2907
2907
2907
2907
2907
2907
2907
2907
2254
2254
2254
2254
2254
2254
2254
2254
177
177
177
177
177
177
177
177
177
177
177
177
177
177
177
177
177
177
2890
2890
2890
2890
2890
2890
2890
2890
3673
1723
1723
1723
1654
1654
1654
2328
2328
2328
2328
2328
2328
2328
2328
2328
2328
4613
4613
4613
4613
93
2609
2609
2609
2609
2609
2609
3382
3382
4415
4415
4415
1397
1397
1397
2164
2939
889
889
889
889
889
1451
1451
1451
1451
1451
1451
1451
1451
3316
3316
3316
3316
3316
3316
3316
3316
3316
3316
3316
3316
3316
3316
3316
3316
3316
3316
3316
3316
3316
3316
3316
3316
3316
3316
3316
3316
3316
3316
3316
3316
2680
2680
2680
2680
2680
2680
2680
4651
2964
2964
2964
2964
2672
2672
2778
2778
2778
2948
2817
2817
2817
2817
2817
2817
2817
2817
2817
2817
2817
2817
2817
2817
2758
2758
2758
2758
2758
2758
2758
2758
2758
2758
2758
2758
2758
2758
2758
2758
2758
2758
2758
2758
2758
2758
1756
724
724
724
724
724
724
724
724
724
724
724
724
724
219
219
219
219
219
219
219
219
219
219
219
219
219
219
4139
4139
4139
4139
4139
4139
4139
4139
3957
1588
1588
1588
1588
1588
1588
1588
1588
1588
1588
1588
1588
4707
43
43
43
3001
3001
3001
677
354
949
2843
577
3928
3928
3928
544
544
544
1612
1612
1612
1612
1612
1612
1612
1612
1612
1612
1612
1612
1612
1612
1612
1612
3716
3716
3716
1360
1360
1360
1360
1360
1360
1360
1360
1360
1360
1360
1360
1360
1360
1360
1360
1360
1360
1360
1360
1360
1360
1360
1360
1360
1360
1360
1360
1360
1360
1360
1360
1360
1360
1360
734
734
1534
1534
1534
1534
1534
1534
1534
1534
1534
1534
3795
3795
3795
3795
3795
3795
3795
3795
3795
3795
1972
2405
95
95
95
4359
4112
4112
4112
4112
4112
4112
1101
1101
1101
1101
1101
1101
1101
1101
1101
1101
1101
1101
1101
1101
2746
322
322
322
322
322
322
322
4254
4254
4254
4254
4254
4254
4254
3537
3537
3537
3537
3537
3537
3537
3537
3537
3537
3537
4925
4925
4925
2924
2924
3617
3749
3586
3586
3586
3586
3586
3586
3586
3586
3586
3586
3586
3586
533
533
533
3607
3607
3607
3607
3607
3607
3607
3607
3607
3607
3607
3607
3607
3607
3607
3607
3607
3607
3607
3607
3607
3607
3607
3607
3607
3607
3607
3607
3607
3607
3607
3607
3607
3607
3607
3607
3607
3607
3607
3607
3607
2648
1983
1983
1983
2932
2932
2932
2932
2932
1536
3360
3360
3360
3360
3360
3360
3360
3360
3360
3360
3360
3360
3360
3360
3360
3360
3626
3626
3626
3626
3626
3626
3626
3626
3626
3626
3626
586
586
586
586
586
586
586
586
586
586
586
2298
2298
3988
584
584
584
584
584
584
2423
2423
2423
2423
2423
2423
2423
2423
2423
2423
2423
2423
2423
2423
2423
2423
2423
2423
2423
2423
2423
2423
2423
2423
2423
2423
2423
2423
2423
2423
2423
2423
1391
1391
4281
4281
4281
3338
3338
3338
3338
4862
4862
4862
4862
4862
4862
4862
2614
2614
4885
4885
4885
4885
4885
4885
4885
4885
4885
70
70
70
70
70
70
70
70
70
70
70
70
70
70
70
70
70
70
70
70
70
70
70
70
70
70
70
70
70
4880
4880
4880
1126
1212
1212
1212
3921
3921
3921
3921
3921
3921
3921
3066
3066
2100
2100
2100
2100
2100
2100
2100
2100
2100
2100
2100
2100
3750
3750
3750
3750
3750
3750
3750
3750
1362
2317
3109
1041
1876
1876
1876
1876
1876
1876
1876
1876
1876
1876
1876
1876
1876
1876
1876
1876
881
881
881
881
881
881
881
881
881
4587
4510
4510
4510
4510
4510
3670
3670
3670
3670
3670
3670
3670
3670
3670
3670
3670
3670
3670
3670
3670
3670
3670
3670
3670
3670
3670
3670
624
624
624
624
624
624
624
4968
4968
4968
4968
4968
4968
4968
233
233
233
233
233
233
233
233
233
233
233
233
4566
4566
4566
4566
4566
4566
4566
4566
4566
4566
4566
1662
1662
1662
1662
1662
415
415
415
415
415
415
415
415
415
415
415
415
4246
4246
4246
4246
4246
4246
4246
4246
4246
4246
4246
2173
2173
2173
746
746
746
746
17
17
17
1200
1200
1200
1200
1200
1200
1200
1200
3253
3253
3253
3253
3253
3253
3253
3253
3253
3253
3253
4719
4719
4719
4719
4719
4719
4719
4719
4719
4719
4719
4719
4719
4719
1412
1412
1412
1412
1412
1412
1965
1965
238
3400
2067
4760
3676
3464
3464
3464
2295
2295
2295
2295
2295
2295
3708
3708
3708
3708
3708
3018
3018
4252
4252
4252
4252
4252
803
751
751
4644
4644
4644
621
621
621
621
621
2297
2297
2297
3828
3828
3828
566
1204
1204
1204
1204
1204
1204
1204
1204
1204
1204
1204
1204
1204
1204
1204
1204
1204
1204
1204
1204
1204
1204
1204
1204
1204
1204
1204
51
51
51
51
51
51
51
51
51
51
51
51
51
51
51
51
51
51
51
51
51
51
1044
1044
1044
2181
2181
2181
2181
2688
2688
2688
2688
2688
2688
2688
2688
2688
2688
2688
2688
2688
2688
2688
2688
2688
2688
2688
2688
2688
2688
2688
2688
2688
2688
2688
195
195
195
195
1115
1115
1115
1115
1115
1115
1115
1115
1115
1115
1049
1049
1049
3745
4093
4403
2052
2052
2052
4258
4258
4258
4334
4334
2460
2460
2460
2460
2460
2460
2460
2460
2460
2460
2460
2460
2460
2460
2460
2460
184
184
184
184
184
184
184
184
184
184
184
184
184
184
184
184
184
184
1392
1392
1392
511
511
511
511
4054
3137
4773
2117
2117
2117
2117
2117
2117
251
3526
4011
4011
122
122
4259
4259
4259
3333
3333
3333
3333
3333
3333
3333
3333
3333
3333
3333
3333
3333
3333
3333
3333
3333
3333
3333
1871
3692
3692
3692
3692
3692
3692
3692
567
567
567
567
567
567
567
567
567
567
567
1371
1371
3185
3185
3185
3185
3185
3185
3185
3185
3185
3185
3185
3185
3185
3185
3185
3185
3185
3185
3185
3185
3185
3185
3185
3185
3185
3185
3185
3185
3185
3185
3185
3185
3185
3185
3185
3185
3185
3185
3185
3185
3185
3185
3955
1056
1056
856
856
856
856
856
856
856
856
856
856
856
2710
2710
2710
2654
2654
2654
2654
2654
4877
602
602
602
1244
4845
4845
4845
318
3263
3263
3263
3263
3263
3263
3263
3263
3263
3263
3263
4053
4053
4053
4053
4053
4053
4892
4892
4892
2934
2934
2934
896
896
896
896
896
896
896
896
896
896
896
896
896
896
896
896
896
896
896
896
896
896
896
896
896
896
896
896
896
527
2347
2347
2347
2347
2347
3439
3439
3439
3439
3439
3439
3439
3439
3439
3439
3439
3439
3439
3439
3439
3439
3439
3439
3439
3439
3439
3439
3439
3439
3439
3439
3439
2119
2119
2119
2119
2119
2119
2119
2119
4203
4203
4203
4203
4203
4203
4203
4203
3254
3725
3725
3725
3725
3725
3725
3725
3725
3725
3725
3725
3725
3725
1260
1260
1260
1260
1260
1260
1260
3269
756
756
756
2794
2905
2905
2905
2905
2905
2905
2905
2905
1173
1173
1173
1173
1173
1173
1173
1173
1173
3616
3616
3616
3616
3616
3616
3616
3616
3616
798
378
378
378
378
378
378
378
378
378
378
378
378
378
378
378
378
378
378
378
378
378
378
378
2792
2792
2792
2792
2792
2792
2792
2792
2792
2792
2792
2792
4035
4035
4035
4035
4035
4035
4035
4035
2662
4663
4663
4663
4663
4663
4663
4663
4663
4663
4663
4663
4663
4663
4663
175
175
175
175
175
175
175
45
45
45
3409
3409
4674
1075
2829
2829
2829
2829
2829
2829
1504
1504
1504
2309
2309
2309
1436
2418
2418
2418
3986
3986
4918
842
842
842
842
842
842
1592
2284
3575
3575
3575
3575
2305
2305
2305
2305
2305
2305
2305
952
952
952
952
952
952
952
952
3053
3053
3053
3053
3053
3053
3053
3053
3053
3053
3053
3053
4559
4559
4559
2685
2685
2685
2685
2685
2685
2685
2685
2685
2685
2685
2685
2685
2685
2685
2685
2685
2685
2685
2685
2685
2685
2685
2685
1489
1489
1489
1489
3973
3973
3973
3973
3973
3973
3973
3973
3973
3973
3973
3973
3973
3973
3973
3973
3545
3545
3545
4361
1921
1921
1921
1921
1921
4898
4898
4898
4898
4898
4898
4898
4898
4898
4898
4898
4898
4898
4898
4898
3393
3393
3393
3393
3393
3393
3393
3393
2721
718
718
718
718
718
718
718
718
718
718
718
718
2702
2702
2702
2702
2702
2702
2702
2722
2722
2722
2722
2722
2722
2722
4561
4561
4561
1675
4506
4506
4506
2078
2078
2078
2078
2078
2078
2078
2078
2078
2078
2078
2078
4038
4038
4038
4846
4846
4846
4846
4846
4846
4846
4846
4846
4846
4479
1322
3567
2750
2750
2750
2750
2750
2750
3433
3433
3433
3433
3433
3433
2525
2525
2525
2525
2525
2525
2525
2525
2525
2525
2525
2525
4650
4650
4650
4650
4650
4650
2763
2997
2997
2997
2997
2997
2997
2997
2997
2997
2997
2997
2997
2997
2228
582
203
3478
3478
3478
3478
3478
3478
3478
3478
3478
3478
3478
3478
3478
3478
3478
3478
3478
3478
3478
2929
2929
3085
3085
3085
3085
3085
3085
1018
1018
1018
1018
1018
1018
1018
1018
1018
1018
1032
1281
1281
1281
3350
3350
3350
517
517
517
517
517
517
517
517
517
517
1747
4652
4652
3732
3732
3732
3732
3732
3732
3732
3732
3732
4059
4059
3026
3026
2124
3392
3392
3392
3392
3392
3392
3392
4440
4440
4440
2683
3331
693
693
693
693
693
693
693
693
693
1503
1503
1503
1503
1503
1503
1503
1503
2414
3635
4105
4105
4105
196
196
196
1543
1543
1543
1543
1543
1543
1543
1330
1330
1330
879
879
4502
4502
4502
4502
4502
4502
4502
3894
3894
3894
3894
3894
3894
3894
3894
3894
3894
3894
3894
3894
1345
568
568
568
568
568
568
568
2167
2167
2167
2167
2167
2167
2167
2167
2167
2167
2167
2167
2167
2167
2167
2167
2167
2167
2167
2167
2167
2167
2167
2167
2167
2167
2167
2167
2167
2167
96
4181
4181
4181
4181
4181
3353
3353
3353
3353
3353
3353
3353
3353
4954
4954
4954
4954
4954
2602
2602
2602
4772
4772
4772
4772
4772
4772
4772
4772
4772
4772
4772
4772
1629
1629
1629
1629
1629
1694
1694
1694
2059
2059
463
463
3043
3043
3043
3043
3043
3043
3043
3043
3043
3043
4734
4734
4734
3814
3814
3814
3814
3814
625
625
625
625
625
625
625
625
625
625
625
2456
2456
2456
2456
2456
4722
2984
1569
1569
1569
1569
1569
1569
1569
1569
1569
1569
1034
1034
1034
1034
1034
1034
1034
1034
1034
1034
1034
1034
4664
2011
2011
2011
2011
2011
2011
2011
2011
2011
2686
2686
2686
1786
1786
1786
1786
1786
1786
1786
1786
88
88
88
88
88
88
88
88
88
88
88
88
457
457
457
457
457
457
457
457
457
457
457
457
457
457
457
457
457
457
1305
1305
1305
3754
3646
239
4681
4681
4681
1946
2775
2775
2775
192
4849
4849
4849
4849
4849
4849
944
1268
2307
2307
4424
4424
4424
4424
4424
4424
4424
4424
4711
3214
3214
3214
3214
3214
3214
3214
3214
2732
1926
1926
1926
1926
1926
4676
4676
4676
4676
800
800
800
2968
2968
4793
4793
4793
4793
4793
4368
4368
4368
4368
4368
4368
2776
2776
2776
2776
2776
2776
2776
2776
3867
3802
3802
3802
3802
3802
3802
2274
2274
2274
4921
4921
4921
4916
4916
4916
4916
4916
4916
4916
4916
4916
191
1784
1784
1532
1532
1532
1532
1532
1532
1532
1532
1532
1532
1532
1532
2834
4915
4915
4915
1598
1598
1598
4900
4900
4900
4900
4900
4900
4900
2574
2574
2574
3975
3770
3770
3770
3770
3770
3770
3770
3770
3770
3770
3770
3770
1751
1024
1024
1024
1024
1024
1024
1024
1788
2473
2473
2473
2473
2473
2473
2473
2473
2473
2473
1822
1978
1978
1978
1469
2807
2512
2512
2512
2943
2943
2943
2943
2943
2943
2943
2943
2943
2943
2943
2943
2943
2943
2943
2943
2943
2943
2943
2943
2980
3017
3017
3017
3017
3017
3017
3017
3017
3017
3017
3017
3017
3017
3017
3017
3017
3017
3017
3017
3017
3017
3017
3017
1566
1566
1566
1566
1566
1566
1566
1566
1215
1215
1215
1937
1937
1937
3113
205
205
205
205
205
205
205
205
205
205
205
205
205
2673
2673
2673
3357
3830
3830
3830
3830
3830
2251
2251
679
679
679
679
679
679
679
679
565
3290
3290
3290
278
278
278
278
278
278
278
4762
432
432
432
289
289
289
289
289
1027
1027
1027
1027
1027
1027
1027
1027
1027
535
188
2174
2174
2174
2174
2174
2174
2174
2174
2174
2174
2174
2174
2174
2174
2174
2174
3915
1862
1862
1862
1862
1862
1862
1862
270
1728
3931
3931
3931
3931
3931
3931
2384
2384
2384
2384
2384
2384
2384
2384
2384
2384
627
627
627
627
627
627
627
627
627
627
627
627
627
627
627
627
627
627
627
627
627
627
627
627
627
627
627
627
1181
2422
790
790
790
790
790
4275
4275
4275
461
4402
1444
1444
1444
1444
1444
1444
1444
1444
1444
1444
1444
1444
198
198
198
198
198
2589
2589
4189
4189
4189
2095
2095
2095
2095
2095
650
650
650
650
650
650
650
650
650
650
650
650
650
650
650
650
708
1480
1480
1480
2395
3761
3761
3761
3761
3761
3761
2910
1623
1623
1623
3322
1818
1818
1818
1818
1818
1818
1818
1818
1818
1818
1818
1818
1818
1818
1818
1818
1818
1818
1818
1818
1818
1818
1818
1818
1818
3194
3194
3194
3007
3007
3007
3414
3414
3414
1897
1897
1897
1918
1918
1918
1918
1918
1918
1918
1918
1270
1270
1270
1270
1270
1270
1270
1270
1270
1270
1270
1270
1270
4176
4883
3159
3159
1813
1813
1813
1813
1813
1813
1813
1813
1813
2426
2426
2426
2426
2426
3950
3950
3950
3950
3950
4428
4428
4428
4428
4428
4428
4428
4428
2142
2142
2142
2142
2142
2142
2142
2142
2142
2142
2142
2142
2142
2142
2142
2142
2142
2142
2142
2142
2142
2142
2142
2142
2142
2142
2142
1626
1626
1626
1626
1626
1626
1626
1626
789
789
789
789
789
789
789
789
1864
2865
871
3271
3271
3271
3271
3271
3271
3271
3271
3271
1421
4221
4221
4369
3047
2445
494
494
494
4321
4397
4397
4397
4397
4397
4397
4397
4397
1164
1164
1164
1730
1730
1730
4812
4812
4812
2402
2402
2402
2402
2402
3403
3403
3403
3403
3403
1697
1697
3593
3593
3593
3593
3593
3593
3593
3593
3593
3593
3593
3593
1957
1221
1221
1221
1221
1221
1221
1221
1221
1221
1221
1221
2073
2073
2073
2073
2073
2073
2073
3410
1361
1361
1361
1361
1162
2765
3603
3603
3603
3603
3603
3603
1253
1253
1253
1253
1253
1253
1253
1253
1253
3694
3694
3694
3694
3694
3694
2728
2728
3667
3667
3667
3667
3667
3667
3667
3667
3667
3667
3667
3667
3667
3667
3667
3667
1630
1630
1630
1630
1630
1630
1630
1630
1630
1630
1630
1630
1630
1630
1630
1630
1630
1630
1630
1630
1630
1630
1630
1630
1630
1116
3554
3554
3554
3554
3554
3554
3554
3554
3554
3554
3554
3554
3554
3554
3554
3554
3554
3153
452
4434
4434
4434
2954
2954
2954
2954
2954
2954
2954
945
945
945
945
945
945
4697
4697
4697
4697
4697
4697
4697
4697
4697
4697
4697
4697
4697
4656
4656
4656
4656
4656
4656
4656
4656
4656
1614
4141
3168
3168
3168
3168
3168
3168
3168
3168
3168
3168
3168
3168
4884
4884
4884
4884
4884
4884
4884
4884
4884
4884
4884
4884
4884
4884
4884
4884
4884
4884
4884
4884
4884
3163
490
490
490
490
490
490
490
490
490
862
4099
4099
4099
4099
4099
4099
4099
4099
4385
4385
4385
4385
4385
4385
4385
4385
4385
4385
4385
4385
4230
4230
4230
4230
4230
4230
4230
4230
4230
4230
2995
1942
1113
1905
1905
3423
2364
2364
2364
2364
2364
2364
2364
2364
2364
2364
2364
2835
2835
2835
2835
2835
2835
2835
2835
2092
3010
3916
2916
1102
1102
1102
3842
156
156
156
156
156
156
156
156
156
156
156
156
1773
1773
615
615
615
615
615
615
615
643
643
643
643
643
643
643
643
643
1935
1935
1935
1935
1935
1935
1935
1935
4277
4277
4277
4277
4277
4277
4277
4277
4277
4277
4277
4154
4154
330
330
330
330
330
330
330
330
330
330
330
330
330
330
330
330
2057
2646
622
622
622
622
622
622
622
622
4821
4821
4821
4173
4173
4173
4173
4173
4477
4477
1157
1157
1157
1157
1157
1157
1157
1157
1157
1157
1157
1157
1157
1157
1157
1157
1157
1157
1157
1157
1157
1497
1497
1497
1497
1497
1497
1497
1497
1497
1497
1497
1497
783
3493
3493
3493
2949
2949
2949
2949
2949
2949
2949
2949
2949
2949
2949
2949
2949
2949
2949
2949
2949
2949
2949
2949
2949
2949
2949
857
4274
408
408
408
170
170
170
170
170
170
170
2210
2567
2567
2567
2567
2567
2567
613
613
613
1808
3438
1161
1161
4225
3119
3119
3119
1610
1610
1610
1932
1932
1932
1932
1932
1932
1932
1932
3027
3027
3027
3027
3027
3027
3027
3027
564
564
564
564
564
564
3571
3571
3571
4247
4247
4247
4247
4247
4247
4247
4247
4247
2388
2388
2388
2630
4928
4928
4928
4928
4928
4928
4928
4928
4928
4928
4928
4928
4327
2484
2484
1172
1172
1172
1172
1172
1172
1172
1172
1427
3319
3319
3319
3319
3319
3319
3319
3319
3319
3319
3319
3319
3319
1738
1196
620
2879
2879
2879
2879
2879
2879
2879
3882
3882
3882
3882
3882
3882
1123
1123
1123
1123
1123
1123
1123
1123
1123
1123
1123
1123
1123
1123
1123
1123
1123
1123
1891
1891
1891
1891
1891
1891
4643
3312
3312
3312
3312
3312
3312
3312
3312
3312
3312
2547
2547
2547
2547
2547
2547
2547
1545
1545
1545
1545
1545
1545
1545
1545
1545
1545
1545
1545
1545
4336
4336
4336
1971
1971
1971
1971
1971
1971
1971
1971
1971
1971
1971
1971
1971
4988
4988
1717
1717
1717
1477
1477
1477
1477
1477
1477
1477
1477
1477
1477
1477
1477
2850
2850
2850
2850
2850
2850
2850
978
4687
4687
4687
4687
4687
4687
4687
4687
4687
4895
4895
4895
4895
4895
1684
4660
4660
4660
4660
4660
4660
4660
4660
4660
4660
4660
1514
1514
1514
1514
1514
2404
4553
4553
4553
4553
4553
4553
4553
4553
4553
4553
4553
4553
4553
1767
1482
1482
4461
3914
3914
3914
3914
3914
3914
3914
3914
3914
3720
3720
3720
3720
3720
3720
3720
3720
3720
3720
2577
2233
2233
2233
2238
2238
2238
2238
2238
2238
2238
2238
2238
2238
2238
2238
1106
1106
1789
3188
3188
3188
3188
3188
3188
3188
3188
611
611
611
611
611
611
611
611
611
611
611
611
611
611
611
3660
576
576
576
576
576
576
576
576
888
888
888
2663
817
817
817
817
817
817
817
817
817
817
817
817
817
817
817
817
817
817
817
817
817
817
817
817
817
3277
1859
1859
1859
208
208
208
208
208
208
208
208
1119
1119
1119
1119
1119
1119
1119
1119
1119
1609
1609
1609
1264
1616
1616
353
3048
3048
3048
3048
3048
3048
3048
3048
3048
3048
3048
3048
1228
1228
1228
1519
1519
1519
1519
1519
1519
1519
1519
1519
1519
1519
1519
4739
1770
4353
4353
4353
3473
3473
3473
3473
3473
3473
3473
3473
4411
2409
2787
1033
1033
1033
1033
1033
1033
1046
1046
1046
1046
1894
1894
1894
1894
1894
4376
4961
4961
4961
3903
3903
3903
436
436
436
436
436
436
436
436
436
436
436
436
436
436
436
436
436
2470
4352
4443
4443
4443
2287
2287
2287
2287
2287
2287
3231
3231
3231
507
507
507
507
507
507
507
507
507
507
507
507
507
507
507
507
507
507
507
507
507
507
507
507
1564
1564
1564
1564
1564
1564
1564
1564
321
3563
3563
3563
1538
1837
1837
1837
1837
1837
1837
1837
1837
1837
1837
1837
1837
1837
1837
1837
1837
1837
1837
1837
1837
1837
1837
1837
1837
1837
2380
2380
2380
2380
2380
2380
2380
2380
2380
2380
2380
2380
1840
1840
1840
1840
1840
1840
1840
1840
1840
1840
1840
1840
1840
2115
2115
1146
1146
1146
1146
1146
1146
1146
1146
1146
1146
1146
2486
44
44
44
2154
1378
1378
1378
1378
1378
1378
1765
3012
413
413
413
4284
4284
4284
4284
4284
4284
4284
4284
4284
1658
1658
1658
801
801
801
801
801
801
801
801
1288
2182
2182
2182
2588
256
256
1729
1729
1729
1729
1729
1729
1729
1729
1729
1729
1729
1729
1729
1729
1729
1729
1729
1729
1729
1729
1729
1729
1729
1151
647
647
647
647
647
647
647
647
647
647
647
647
2908
2908
2908
2908
2908
1702
1702
1702
1702
1702
1702
1702
1702
1881
1881
1881
1881
1881
1881
1881
1881
1881
1881
1881
1881
1881
1881
1966
1966
1966
1966
1966
1966
1966
1966
1966
1966
1966
1966
1966
3855
3855
3855
3855
3855
3855
3855
112
3133
3133
3133
3133
3133
3133
1878
1186
1186
1186
56
56
56
1309
1309
2091
2091
2091
319
319
319
319
319
4320
4320
4320
3841
3213
3213
3213
3213
3213
3213
3213
3213
4782
4782
4782
4782
4782
4150
4150
4150
286
2520
2520
2520
2520
2520
2520
2520
2277
2277
2277
2277
2277
2277
2277
2277
2277
2127
2127
2127
2127
2127
2127
2127
2127
2127
2127
2127
2127
2127
2127
2127
2127
2127
2127
2127
2127
2127
2127
2127
2127
2127
2127
2127
2127
2127
2127
2127
2127
2127
2127
2127
2127
2127
2127
2127
2127
2127
2127
736
736
736
4801
4801
4801
4801
4801
4801
4801
4801
4801
336
336
336
2596
2596
2771
2771
2771
3704
4404
1672
1672
1672
1672
1672
1672
1672
4083
4083
4083
4083
4083
4083
4083
4083
4083
4083
4083
4250
4408
4408
4408
3366
3366
3366
3366
3366
3366
3366
3366
3366
4382
4382
4382
4382
3479
2581
2581
2581
3123
3123
3123
2644
2644
2644
2644
2644
2644
2644
2644
2644
2644
2644
2644
2644
2644
2644
2644
4040
2282
2282
2282
2282
2282
2282
2282
2282
2282
2282
2282
3063
3063
3063
3063
3063
3063
3063
3063
3063
3063
3063
3063
3063
4365
3932
3932
3932
3932
3932
3932
3932
2638
557
557
557
2399
2399
2399
2656
2656
2656
2656
2656
2656
2656
2135
2135
2135
2135
2135
2135
2135
1510
245
1163
1163
1163
266
266
266
266
266
266
266
266
266
266
266
266
266
266
63
2757
2757
3011
3011
3011
2998
2998
2998
2998
2998
2998
2998
2259
103
103
103
103
103
103
103
103
103
103
103
103
2643
2643
2643
2643
2643
2643
2643
2643
2643
508
508
508
508
508
508
508
2441
2441
2441
2441
2441
2441
2441
2441
2441
2441
2441
2441
2441
2441
2441
2441
865
865
865
3326
3326
3326
3326
3326
2114
2114
2114
2114
2114
2114
2114
2114
3896
2873
2873
2873
2873
1522
1522
1522
1522
1522
1522
1522
835
835
835
835
835
835
835
835
835
835
835
835
138
138
138
138
138
138
138
138
138
138
138
299
299
299
299
299
1556
1556
1556
1556
1556
1556
1556
1556
1556
1556
1003
382
382
382
382
4446
4446
4446
4854
4854
4854
4854
4854
4854
4854
4854
4854
4854
4854
1873
1873
1873
1873
1873
1873
1873
1873
1873
2550
2197
898
3999
3873
3873
3785
4386
4386
4386
2955
2955
2955
2955
2955
2955
2955
2955
2955
2955
1512
1512
1188
1188
1188
1188
1188
1188
1188
1188
1188
1188
1188
1188
2989
2080
4983
3437
3437
3437
3437
3437
3437
3437
3437
3437
3437
3437
4698
2827
2827
2827
2827
2827
2827
4747
4747
4747
4747
4747
4747
4747
4747
4747
4747
4747
4747
368
368
368
368
368
368
2088
2314
3384
3384
3384
3384
3384
3384
3384
3384
3384
3384
3384
3384
3384
3384
3384
3384
3384
3384
3384
3384
3384
4111
1703
3728
3728
3728
3728
3728
3728
3728
3728
910
910
910
910
910
910
910
910
1586
1586
1586
1586
1586
1586
1586
1586
1586
1586
1257
3441
3480
4108
1178
1178
1178
1178
1178
1178
1178
1178
1178
1178
1178
1178
1178
1178
1178
1178
1178
1178
1178
1178
1178
1178
1178
1178
1178
1178
1178
1178
1178
1178
1178
1178
1178
1178
1178
1178
1178
1178
1178
442
442
442
4020
4020
4020
4770
4770
4770
1411
3466
2072
1509
1509
1509
1509
1509
1509
1509
1509
1227
1227
1227
1227
1227
1227
1227
1227
1227
1227
1227
4072
2585
2585
2585
2951
2951
2951
324
324
324
324
324
324
324
324
3977
3977
3977
3576
3576
3576
3576
3576
3576
3576
2211
2211
2211
3298
3298
3298
3298
3298
3298
1498
1498
1498
1498
1498
1498
1498
1498
1498
1498
1498
1498
1498
1498
1498
1498
1498
1502
1502
1502
1006
1225
3808
1216
3976
3976
3976
4584
4584
4584
4584
4584
4584
4584
4584
4584
4584
4584
4584
3422
3422
3422
3422
3422
3422
3422
3422
3422
3422
932
932
932
932
1691
1691
1691
1691
439
439
439
439
439
439
439
439
439
439
439
439
439
439
439
439
678
1943
4610
4610
4610
4610
4610
4610
4610
4610
4610
4610
2268
2268
2268
4633
4633
4633
4633
4633
4633
4633
4633
4633
4633
4633
4080
4080
4080
4080
4080
4080
4080
4080
4080
4080
4080
4080
4080
4080
4080
4080
4080
4080
4080
4080
2518
2439
2439
2439
2439
2439
2439
2439
2439
2439
4037
1893
1893
1893
4244
4244
4244
4244
4244
4829
4829
194
194
194
2438
2438
2438
2700
3082
3082
3082
3082
3082
3082
3082
3082
3082
3082
3082
3082
3082
3082
2705
2705
2705
4226
4226
4226
2842
2842
2842
1461
2222
4322
4322
2517
2517
1924
1236
1236
1236
1236
1236
1236
1236
1236
2133
1104
257
257
257
257
257
257
257
257
257
257
257
257
257
257
257
257
257
257
257
257
257
257
257
257
257
257
257
257
257
295
295
295
295
295
295
295
295
295
295
295
295
295
295
295
295
295
295
2361
2361
2361
2361
2361
4013
4013
4013
2231
2554
2554
2554
2554
2554
2554
1563
2015
2015
2015
2015
2015
2015
2015
2015
1400
1400
1400
2420
2420
2420
2420
2420
2420
2619
2619
2619
2619
2619
2619
2619
2619
2619
2619
2619
1289
1289
2569
2569
1820
1820
1820
958
958
1793
1793
1793
1793
1793
1793
1793
1793
1793
1793
1793
1793
1793
1793
1793
1793
4786
4786
2407
2407
2407
1760
1760
2354
2741
2741
2741
411
411
411
411
411
411
411
411
1774
1774
1774
1774
1774
1774
1774
3978
3978
3978
3978
3978
3978
3978
3978
3978
3978
3978
3963
4774
3702
4765
4765
4765
4765
4765
4765
4765
4765
4765
4765
4765
4765
4765
4765
4765
4765
4110
4110
4110
4110
4110
4110
4110
4110
4110
4110
4110
4110
4110
4110
4110
4110
3497
3497
3497
3497
3497
3497
3497
3497
430
430
430
430
430
430
430
430
430
430
430
4484
4484
4484
4484
4484
1366
1992
3528
3528
1476
1476
1476
1476
1476
1476
1476
1476
1476
1476
1476
2045
2045
2045
2045
2045
2045
2045
2045
2045
2045
2045
2045
2045
2045
2045
2045
2045
2045
2045
2045
2045
2045
2045
2045
2045
2045
2045
2045
2045
2045
2045
2045
2045
2045
2045
2045
2045
2045
2045
2045
2045
2045
2045
2045
2045
2045
2045
2045
2045
2045
2045
2045
2045
2045
2045
2045
2045
2045
2045
4331
4331
2992
2992
2992
2992
2992
2992
2992
2992
2992
2992
2992
2992
2881
3138
3138
3622
3622
3622
3622
3622
3203
3203
3203
3299
4993
4993
4993
4993
4993
4993
4993
4993
4993
4993
0
0
0
1580
1580
1580
4422
4422
4422
4422
4422
4422
4422
4422
4422
4422
4422
4422
4116
4116
4116
4116
4116
4116
4116
4116
4116
4116
4116
4116
4116
1356
4574
4574
4574
3733
3733
3733
3733
3733
3733
3733
3733
3733
3733
3733
3733
3733
3733
3733
4941
4941
4941
4941
4941
4941
4941
4941
4941
4941
4941
2153
2153
2153
2153
2153
2153
2153
2153
2153
2153
2153
2153
2153
2153
2153
2153
2153
2153
2153
2153
2153
818
1552
1552
1552
1552
1552
1552
1552
1552
1552
816
816
816
4552
4552
4552
4552
4552
4552
4552
4552
4552
4552
4552
4552
4552
4552
4552
4552
1800
1800
1800
381
4626
4626
2311
2437
2437
2333
2333
2333
2333
2333
2333
2333
2333
3638
3638
3638
3638
3638
3164
3164
1159
1159
1159
1159
1159
1159
1159
1159
1159
1159
1159
1213
1213
1213
1213
1213
1213
1213
3760
3760
3760
3760
3760
3760
3760
3760
3760
3760
3760
3760
3760
4213
2367
2367
2367
700
748
748
748
4195
4195
4195
3494
3494
3494
866
866
866
866
866
866
866
866
752
1644
1644
1644
3101
2629
1490
2895
2177
2242
1936
1745
1745
1745
1745
1745
1745
1745
1745
1745
1745
1745
1745
1745
1745
1745
1745
1745
1745
1745
1745
4373
4373
3337
3337
3337
4032
4471
4471
346
346
346
346
346
346
346
346
346
1185
1185
1185
1185
1185
1185
1185
1185
1185
4006
4006
4006
4006
4006
4006
4006
4006
4006
4006
4669
578
578
578
1964
1964
1964
4430
4430
4430
4430
4430
4430
4430
4430
4430
4430
4430
4430
4430
4430
4430
4430
4430
4430
4430
4430
4430
4430
4430
4430
4430
4430
4430
4430
4430
4430
2751
1846
1846
1846
1846
1846
1846
1846
1846
1846
1846
1846
1846
1846
1846
1846
1846
1846
1846
1846
1846
131
131
131
131
131
131
131
131
131
131
131
131
131
131
131
131
131
4194
4194
4194
4194
4194
4194
4194
1842
1842
1842
2098
2098
2098
2098
2098
2098
2098
2098
2098
2098
2098
604
604
604
604
604
604
604
604
604
604
4977
4977
4977
3317
3317
173
331
3100
3100
3100
3100
3100
3100
3100
3100
3100
3100
3100
3100
3100
3100
3100
3100
3100
3100
3100
3100
3100
3100
3100
3100
3100
3100
3100
3100
3100
3100
3100
3100
3100
3100
3100
3100
3100
3100
3100
3100
3100
3100
3100
3100
342
342
342
1088
479
660
4577
4073
4073
4073
2784
3827
3827
3827
267
267
267
4442
4442
4442
4442
4442
4442
4442
4442
4442
4442
4442
4442
4442
4442
4442
4442
4442
4442
4442
4442
4442
4959
4959
4959
4959
4959
3595
3595
3595
3595
3595
3595
3595
3595
3595
3595
3595
3595
4316
4316
4316
4316
4316
4316
4316
3722
3722
3722
3722
3722
3722
3722
3722
3722
3722
3722
3722
3722
3722
3722
3722
3722
3722
3722
3722
3722
3722
3722
3722
3722
3722
3406
3917
3917
3917
3917
3917
3917
3917
1621
2857
2857
2857
2857
2857
2857
2857
2857
3924
3924
3924
3924
3924
3924
3924
3782
3782
3782
3782
3782
3782
3782
3782
3782
3782
3782
3782
3782
3782
3782
3782
3782
3782
3782
3782
3782
3782
3782
1226
1226
1226
2991
2991
3132
3132
3132
2743
2743
2743
2906
2906
2906
4301
4301
4301
4301
4301
2759
2759
1398
1659
1659
1659
1659
1659
979
1298
1298
1298
3555
3555
3555
3555
3555
3555
3555
2458
2458
2458
2458
2458
2458
2458
2458
3739
3739
3739
3739
3739
3739
3739
3739
3739
3739
3739
3739
3739
3739
3739
3739
2288
2288
2288
2288
2288
2288
2288
2288
2288
2288
2288
2288
2288
423
423
423
4339
4339
4339
1904
1904
1904
4538
3352
3352
3102
3102
3102
3102
3102
3102
3102
3102
3355
3355
3355
1377
1377
1377
3697
3697
3697
3697
3697
3697
3697
3697
3697
3697
3697
3697
3697
3697
3697
3697
3697
3697
3697
3697
3697
3697
3697
3697
3697
3697
3697
3697
3697
3697
3697
3697
3697
3697
3697
3697
3697
3697
2144
2144
2144
2144
2144
2144
2144
1138
2927
2927
2927
2927
2927
2927
2927
2927
2927
2927
2927
3484
3484
3484
3484
3484
3484
3484
3484
550
550
550
4906
4906
4906
4906
4906
4906
4906
4906
4906
4906
948
948
948
948
948
948
948
948
948
948
948
948
948
948
948
948
948
948
948
948
948
948
948
2600
2600
2600
2600
2600
2600
2600
1829
1829
1829
2917
2917
2917
2917
2917
4418
4418
4418
4418
4418
4418
4418
4418
4418
4418
4418
4418
4418
4418
4418
4418
4418
4418
4418
4418
4418
4418
4418
4418
4418
4418
4418
1602
1602
1602
1602
1602
1602
1602
1602
1602
1602
1602
1602
1602
1602
1602
1602
1602
1602
1602
1602
1602
1602
1602
1602
1602
1602
1602
1602
1602
1602
639
967
967
967
4237
4237
2697
4470
4470
4470
4470
4470
4470
4470
2487
2655
2655
3371
3371
942
942
942
942
942
942
942
4662
4662
4662
4662
4662
4662
1698
1698
1698
1698
1698
1698
1698
1698
3200
3200
3200
4601
4601
4601
4601
4601
4601
4601
4601
4601
4608
4608
4608
985
985
985
3318
4056
4056
4056
4777
4777
4777
4777
4777
4777
981
2492
2492
2492
3792
3792
3792
3792
3792
3792
3792
3792
3792
3792
3792
3792
3792
3792
3792
3792
3548
3548
3548
3527
3527
3527
1457
264
4095
4095
4095
4095
4095
4095
4095
4095
4095
4871
4871
4871
4871
4871
3589
3589
3589
1758
4865
4865
4865
4865
4865
4865
4865
4865
2810
2810
2810
2810
2810
2810
2810
2810
2810
2880
2880
268
268
268
268
268
268
268
268
669
669
669
669
669
669
669
4475
1910
1152
1152
1152
1152
1152
1152
3455
4241
4241
2172
2172
2172
1915
1915
1915
612
612
612
612
612
612
612
612
612
2406
1649
2607
2607
2607
847
4251
1127
1127
1127
1967
1967
1967
1967
1967
1967
1967
1967
1967
1967
1967
1967
1967
1967
1967
1967
1967
1967
1967
1967
1967
1967
1967
1967
1967
1967
1967
1967
1967
1967
1967
1967
1967
1967
1967
1967
558
558
558
484
484
484
484
484
1320
3404
3404
3404
3404
3404
3404
3404
3404
3404
3404
3404
3404
3404
3404
3404
3404
3404
3404
3404
3404
3404
3404
3404
3404
3404
3404
3404
3404
3404
3404
3404
7
7
7
3189
3189
3189
1450
1450
3980
3980
3980
1814
1814
1814
1814
1814
1814
1814
1814
1814
1814
1814
1011
1011
1011
1011
1011
1011
1011
1011
1011
1011
1011
1011
1011
1011
1011
1011
1011
1011
1011
1011
1011
1011
1011
1011
1011
2818
2818
2818
2818
2818
2818
2818
3275
3275
3275
3275
3275
3275
3275
3275
1783
1783
880
880
880
4459
4459
4459
4459
4459
4459
4459
4459
4459
4459
4459
4459
781
781
781
781
781
781
781
781
1749
3388
3388
3388
4881
4881
4881
4881
4881
4881
4881
4881
4881
4881
4881
4881
883
883
883
2944
1091
4783
4783
4783
531
4022
570
570
570
570
570
570
570
570
570
570
570
570
570
2671
2671
2671
2671
2671
2671
2671
3718
3718
3718
343
343
343
343
343
343
343
343
343
343
343
343
343
343
343
343
343
343
343
343
343
343
343
343
343
343
343
343
343
343
343
343
343
343
3139
434
434
434
3804
3804
3804
4776
4776
4776
2069
2069
2069
2069
2069
2069
2069
2069
2069
2069
2069
2069
2069
1537
2252
2252
2252
2252
2252
2252
2346
2346
2346
2346
2346
2346
2346
2346
2346
2346
965
965
965
965
965
965
965
4406
528
528
528
528
528
528
528
528
528
528
528
528
528
4935
4935
4935
4935
4935
4935
4935
4935
4935
4935
4935
4935
4935
4935
4935
4935
4935
4935
4935
4935
4935
4935
4935
4935
4935
4935
4935
4935
4935
4935
4935
4935
2299
2299
2299
2299
2299
2299
2299
2299
2299
2299
2299
2299
2299
2299
2299
2299
2299
2299
2299
2299
2299
3508
3508
3508
3609
4554
4554
4554
4554
4554
4554
4554
4554
4554
4554
4554
4554
4554
2755
2755
2755
2755
2755
2755
2755
2755
2755
2755
2755
2755
2755
383
852
852
852
852
852
852
852
852
852
1880
370
370
370
370
370
370
370
370
2378
2378
2378
2378
2378
2378
2378
1105
1105
1105
2189
2189
2189
2189
2189
2189
2189
2189
2189
2189
2189
2189
2189
2189
2189
2189
4594
4594
4594
4594
4594
4594
4594
4594
4594
4594
4594
4594
4594
4594
4594
4594
4594
4594
4594
4594
4594
4705
4705
4705
4705
4705
4705
4705
4705
4705
4705
4705
4705
4705
4705
4705
4705
4705
4705
4705
4705
4705
3710
4848
4325
4325
4325
2694
2694
2694
2651
2651
2651
4155
1464
4340
1251
1251
1251
1251
1251
1251
1251
1251
1251
1251
1251
1251
1251
1251
1251
2348
2348
2348
840
840
840
840
840
840
840
840
840
840
840
840
840
840
840
840
1641
1641
1641
2014
631
631
631
631
3364
3172
3172
3172
3612
3612
3612
3612
3612
3612
3612
3612
4068
4068
4068
4068
4068
4068
4068
4068
4068
4068
4068
4068
3334
3334
3334
2387
2387
2387
3995
3995
3995
1861
1861
1861
1861
1861
1861
1861
640
640
640
640
640
640
640
640
640
640
640
3902
637
2986
2096
2096
2096
2096
2096
2096
2096
2096
2096
2096
2096
2096
3674
3674
3674
3674
3674
3674
3674
3674
3674
3674
3674
3674
3674
3674
3674
3674
2841
2841
3666
3666
1900
2301
2301
2301
2301
2301
2301
2301
2301
1885
1885
1885
1642
1642
1642
1642
1642
1642
1642
1642
1642
1642
1642
4809
4809
4809
4809
4809
4809
4809
4809
4809
4809
2097
2097
2097
2097
2097
2097
2097
2097
2097
2097
2097
2097
2097
2097
2097
2097
2097
2097
2097
2097
2097
4357
4357
4357
3788
3788
4494
4494
4494
4494
4494
4494
4494
4494
4494
4494
4494
4494
4494
836
3865
3865
3865
3865
3865
3865
3865
3865
2481
2481
2481
2481
2481
2481
2481
2481
2481
2481
2481
2481
2481
2481
2481
2481
2481
2481
2481
2481
2481
4307
4307
4307
4307
4307
4307
4307
4307
4307
4307
4307
4307
4307
4307
1582
1582
1582
1582
1582
1582
1582
1582
1582
1582
1582
1582
1582
1582
1582
1582
2533
2533
2533
2533
2533
2533
2533
2533
2533
2533
2533
2533
1775
1775
1775
4808
4808
4808
4808
4808
4808
4808
4808
4753
4753
4753
4753
1019
1019
475
475
475
475
4271
4271
4271
1651
1651
1651
1651
1651
1651
1651
1651
1651
1651
1651
1651
1651
1651
1651
1651
1651
1651
1651
1651
1651
1651
1651
1651
1651
1651
1651
2610
2610
2610
739
739
739
739
739
739
739
739
739
739
739
739
739
739
739
739
739
739
739
739
739
2440
2440
2440
867
867
867
867
867
867
867
867
867
867
867
867
997
1337
1337
541
2258
2258
2258
2258
2258
2258
2258
2258
2258
2258
2258
2258
2258
4750
2883
2883
2883
2883
2883
2883
2883
2883
2883
2883
2883
2883
4936
4936
4936
3127
3127
3127
1080
1080
1080
187
187
187
187
187
187
187
187
187
187
2634
2085
2085
2085
2085
2085
2085
2085
4890
4890
4890
4890
4890
4890
4890
4890
4890
2023
2023
2023
2023
2023
2023
2023
2023
2023
2023
2023
2023
2023
2023
2023
2023
4048
4048
4048
3606
3606
3606
4847
1929
1929
1929
1929
1929
697
2256
2256
2256
2256
2256
1416
1036
1036
2159
2159
2159
2159
2159
2159
1754
1754
1754
1754
1754
1754
1754
3112
3112
3112
2698
2698
2698
2698
2698
2698
2698
2698
2698
3431
3431
3431
3431
3431
3431
3431
3431
3431
3431
3431
3431
3431
3431
3431
3431
3431
3431
3431
3431
3431
3431
1506
1506
1506
1506
1506
1506
1506
448
448
448
448
448
448
448
448
448
448
448
4128
4128
4128
4128
4128
4128
4128
4128
4128
4128
4128
4128
4128
4128
4128
4128
4128
4128
4128
4128
4128
4128
4969
4969
4969
4969
4969
4969
4969
4969
4969
4969
4969
4969
4969
4969
4969
4969
2789
2789
2789
2789
2789
2789
2789
2789
361
361
3880
2155
2155
2155
2155
2155
2155
2155
1830
1830
1053
22
2587
3210
4302
4302
4302
4302
4302
4302
4302
4302
4302
4302
4302
2325
2325
460
460
460
460
460
460
460
460
460
460
460
460
87
87
87
1430
1430
1430
1430
1430
2647
282
462
462
462
462
462
462
462
462
462
462
462
462
462
462
462
462
462
462
462
462
462
462
462
462
462
212
212
212
212
212
212
212
212
2499
1368
1368
2770
597
2283
2283
2283
2283
2283
2283
2283
2283
662
662
662
662
662
662
662
662
662
662
662
662
662
662
662
662
662
662
662
662
662
662
662
662
662
662
662
2285
4716
3193
3193
3193
4043
779
779
779
779
779
779
779
4835
4835
4835
4835
4835
4835
4835
4835
4835
4835
4835
4835
4835
4835
4835
4835
4835
4835
4835
4835
4835
4835
4835
4835
4835
4835
685
685
685
3926
2171
1850
1850
1850
487
487
487
487
487
487
487
487
487
487
487
1688
1688
1688
1688
1688
1688
1688
1688
1688
3264
3264
3264
2320
2320
782
782
782
782
782
782
782
782
782
782
782
782
782
782
521
521
2837
2837
2837
2837
2398
4087
4087
4087
2822
2822
2822
1511
1882
1882
1882
1882
1882
1882
1882
1882
1882
1882
1882
1882
1882
4930
4930
4930
4930
4930
4930
4930
4930
4930
4930
4930
3089
4997
4997
4997
118
118
118
118
118
118
118
3320
3320
3320
3320
3320
3320
3320
3542
3542
3542
1613
1613
1613
2510
2510
2510
2510
2510
3831
3831
3831
2823
2823
2823
4343
4343
3032
4654
4654
4654
4654
4654
4654
4654
4654
4654
4654
4654
4654
4654
3669
4362
772
4603
4603
4603
4794
1414
1234
2649
2649
2649
231
231
231
231
231
231
231
231
231
231
231
231
231
4399
4399
4399
4399
4399
407
407
407
407
407
407
407
407
407
407
407
407
407
407
407
407
407
407
86
86
86
86
86
86
86
86
1031
1031
1031
1031
1031
1031
1031
1031
1031
1031
1031
1031
1031
4109
4396
4396
4396
4396
4396
4396
4396
4396
4396
4396
4396
4396
4396
4396
4396
4396
4396
3893
2658
78
78
78
2247
4570
4570
4570
4570
4570
4570
4570
4570
4570
4570
4570
4570
4570
4570
4570
4570
4570
4570
3656
3656
3656
3656
3656
3656
3656
3656
3656
3656
3656
3656
3656
3656
3656
3656
3656
3656
3656
4151
2279
2598
4159
4159
4159
3870
3870
3870
3870
3870
3870
3870
3870
3870
3870
2176
2176
2176
2176
2176
2176
2176
2176
392
392
392
392
392
392
392
392
4726
4726
4726
3693
3693
3693
3693
3693
3693
3693
3693
3693
3994
3994
3994
3994
3994
3994
3994
3994
4412
4412
4412
3257
3257
3257
3257
3257
3257
3257
3257
3257
3257
3257
3257
3257
3257
3257
2803
2803
4789
1587
1587
1731
4764
4224
4224
4224
4224
4224
4224
4224
4224
4224
4224
4224
4224
4224
2355
2355
2355
2355
2355
2355
2355
2355
1940
1940
1940
2442
496
464
4071
4333
4333
4333
4333
4333
2540
2260
2260
2260
2260
2260
2260
2260
2260
2112
900
900
900
900
900
900
900
900
900
900
3573
3573
3573
741
741
741
1206
1206
1206
2620
2620
2620
2620
2620
2620
2620
2620
2802
2802
2802
2802
2802
2802
2802
2802
3892
3892
3892
2044
4872
4872
123
123
123
123
123
123
123
123
123
123
123
2628
2628
2628
819
1382
1575
1575
1575
1575
1575
1575
1575
4815
4815
399
399
399
2310
2310
2310
2310
2310
2310
2310
2310
2310
2310
2310
2310
2310
2310
2310
2310
2310
2310
2310
2310
2310
2310
4973
4973
4973
4973
4973
4973
4973
4973
4973
4973
4973
4973
4973
4973
4973
4973
4973
4973
4973
4973
2897
2897
2897
2897
2897
2897
2897
1352
4550
4550
4550
4550
4550
4550
4550
4550
4550
4550
4550
4550
4550
4550
4550
4550
4550
4550
4550
4550
2130
2130
2130
2130
2130
2130
2130
2130
2130
2130
2130
2130
1079
4314
689
641
641
641
4313
4313
4313
4313
4313
4313
4313
3435
1884
3878
3878
542
542
91
91
91
91
91
91
91
91
91
3889
3889
1979
1979
1979
1979
1979
1979
1979
1979
1979
1979
1979
1979
2812
4082
3992
237
237
237
3097
3097
3097
3097
3097
3097
3097
3097
3097
3097
3097
3097
3488
3488
3488
3488
3488
3488
1133
1133
1133
1133
1133
1133
1133
1133
1133
1133
1133
1805
163
163
163
163
163
163
163
163
163
163
163
163
3492
3492
3492
3492
3492
4630
3453
3634
1811
4049
1428
1428
1428
1428
1428
3131
3131
3131
4460
4460
4460
4649
4649
4649
4649
4649
4649
4649
4649
4649
4649
4649
4649
4649
4649
4649
2820
2820
2820
1452
1452
1452
1452
1452
1452
1452
1452
1452
1452
1452
593
593
560
1339
3799
3799
3799
1442
1442
1442
1442
1442
1442
1442
1442
1442
1442
1442
1442
2764
1689
1689
1689
1689
1689
1689
1689
1725
4792
4792
4792
4792
4792
4792
4792
4792
4792
834
1866
1866
1866
1866
1866
1866
1866
1866
2496
2496
2496
2496
2496
2496
2496
2496
2010
2010
2010
2010
2010
2010
2010
2010
2010
2010
2010
2010
2010
340
340
340
340
340
340
340
2988
1601
1601
3875
3875
3875
3875
3875
3875
3875
3875
3875
3875
3875
3875
3875
3875
3875
3875
4329
4329
4329
3540
2453
2453
2453
2453
2453
2453
2453
2453
2453
2453
2453
2453
2453
2453
2453
2877
3815
3815
3815
3815
3815
3815
3815
3815
3815
3815
4016
4501
4653
4653
4653
4590
4590
4590
4590
4590
4590
4590
4590
4590
4590
1423
1423
1423
1423
1423
1423
1423
1423
1423
1423
1423
1423
1423
1423
1423
1423
1423
1423
1423
1423
1423
1423
1423
1423
1423
1423
1423
1423
1423
1423
2892
2892
2892
2493
2665
2665
2665
3662
3662
3662
3662
3662
3662
3662
3662
3662
3662
3662
3662
3096
2500
2500
2500
2833
2401
2401
2401
2661
2661
2661
4100
4100
4100
4573
4573
4573
4573
4573
4573
4573
4573
4573
4573
4573
4573
4573
4573
4573
4573
4573
4573
1153
57
57
57
4104
4104
4104
4288
4288
4288
4288
4288
4288
4288
4288
4288
4288
4288
4288
4288
4288
4288
4288
4288
4288
4288
4288
4288
4288
4288
4288
4288
4288
4288
4288
1735
1735
1735
1735
1735
1735
1735
1735
1735
1735
1735
1735
1735
1735
1735
1735
1735
1735
1735
3553
3553
3553
2475
3158
3158
3158
4034
4034
4034
4034
4034
4280
4280
4280
4280
4280
4280
4280
4280
4280
4280
4280
4280
4280
4280
4280
4280
4280
4280
4280
1093
1093
1093
1093
1093
1093
1093
4839
4839
4839
4839
4839
4839
4839
1376
1376
72
72
72
72
72
72
72
72
72
72
72
72
72
72
72
72
72
72
72
72
72
72
72
72
72
72
72
72
72
72
1764
4318
4318
4318
2668
2668
2668
4631
4631
4631
4631
4631
4631
2601
2601
2601
2601
2601
2601
2601
2601
2601
2601
2601
2601
2601
2601
2601
2601
2601
2601
2601
1125
1125
1125
1125
1125
1125
1125
1125
1125
1125
1125
1125
1125
1125
1125
1125
1125
1125
1125
1125
1125
1125
4606
4606
4606
4606
4606
4606
4606
4606
4606
4606
4606
4606
3442
3442
3442
998
998
998
998
998
3386
3386
3386
3386
1577
4790
1826
1826
1826
3292
3536
3536
3536
4951
4951
4951
4951
4951
4951
4951
4951
4951
4951
1100
1100
1100
1100
1100
1100
1100
1100
1100
1100
1100
1100
1100
1100
1100
1100
1100
1100
1100
1100
1100
1100
1100
4010
4010
4010
649
1546
1546
1546
4756
4756
4756
3560
3886
3886
3886
1249
1249
1249
482
482
482
482
482
482
482
482
482
482
482
482
482
482
482
482
1584
1584
1584
1584
1584
1584
1584
3074
4627
4627
4627
1462
1462
1462
3929
3929
3929
3929
3929
3929
3929
3929
3929
3929
3929
3929
3929
3929
3929
3929
2578
49
3344
3344
3344
3344
3344
3344
3344
3344
3344
3344
719
719
719
719
4873
4873
1660
1660
1660
1660
1660
1660
1660
1660
1660
1660
1660
1660
1660
1660
1660
1660
1660
1660
1660
1660
1660
1660
1660
1660
1660
1660
1660
1660
1660
1660
1660
1660
1660
1660
1660
1660
1660
1660
1656
2425
2425
2425
2425
2425
2425
2425
3524
3524
3524
3524
4229
4974
4974
4974
4974
4974
4974
4974
4974
4974
4974
4974
3309
3309
3309
3309
3309
3309
3309
3309
3309
3309
3309
3309
4476
4476
4476
3305
4751
4751
4751
4126
2606
1385
3835
3835
3835
1399
1399
1399
1399
1399
1399
1399
1399
1399
1399
1399
1399
1195
1195
1195
1195
1195
1195
1195
1408
1408
1408
1408
1408
1408
1408
1798
1475
1475
1475
1475
1475
1475
1475
1475
1475
1475
1475
1475
1475
4965
4965
4965
4965
4965
4965
4965
35
3541
3541
3541
3541
3541
3541
3541
3541
3541
3541
3541
3541
3541
3541
3541
3541
3541
3541
3541
3541
3541
3541
3541
3541
3541
3541
3541
3541
3541
3541
3541
2345
2345
2345
2345
2345
2345
2359
2359
2359
1286
1286
1681
1681
1681
4834
3243
1671
1671
1671
3836
3836
3836
3836
3836
3836
3836
3836
3836
3836
3836
3836
3836
1179
1179
1179
1179
1179
1179
1179
2798
2798
2798
2798
2798
2798
2798
2798
2798
2798
2798
2798
2798
2798
2798
2798
2798
2798
2798
2798
372
372
372
3610
140
140
140
140
140
140
140
140
140
323
714
2840
2840
2840
2446
2446
2446
2666
2666
2666
2666
406
3724
3724
3724
1004
1004
1004
1004
1004
3787
2545
2545
2545
4833
42
3965
3965
3965
3965
3965
3965
303
303
303
4513
4513
4513
664
664
664
664
664
664
664
664
664
664
664
664
664
1177
2676
1947
2501
2501
2501
2501
2501
2501
2501
1473
1473
1473
1473
1473
1473
1473
1473
3483
3483
3483
2132
2132
2132
2132
2132
2132
2132
2132
2132
2132
2132
2132
2132
2132
2132
2132
2889
2889
2889
2889
2889
2889
3323
3323
3323
3323
3323
2338
2338
2338
2338
2338
3888
304
304
1440
1440
1440
1440
1440
1440
1440
2652
2652
2875
2875
2875
2875
2875
916
916
3721
3721
3721
2772
1624
3837
3837
3837
3837
3837
3837
3837
3837
3837
3837
3837
3837
821
821
821
3964
3964
3964
3964
3964
3964
3964
850
1000
1000
1667
1667
1667
1667
1667
1667
1667
1667
1667
1667
1667
1667
1667
493
493
493
493
493
493
493
3614
3614
3614
3481
687
687
687
687
687
687
3731
1608
4084
3402
3402
3402
1009
2408
1999
1310
1310
1310
1310
1310
1310
1310
1310
1310
1310
1310
1310
3258
3258
3258
3258
3258
3258
3258
3258
3258
3258
3258
344
